 LEFT LENS SHADING DATA
 RED Channel
 {
 160.000000  182.666672  198.333344  216.333344  235.333344  256.666656  275.000000  288.333344  291.666656  287.000000  273.333344  253.666656  232.666656  212.333344  193.333344  173.000000  145.000000 
 173.333328  192.000000  209.000000  231.000000  258.000000  286.000000  311.000000  327.000000  333.000000  327.000000  308.000000  283.000000  254.000000  227.000000  204.000000  185.000000  162.333328 
 182.666672  200.000000  221.000000  249.000000  282.000000  318.000000  349.000000  369.000000  375.000000  368.000000  346.000000  314.000000  278.000000  245.000000  216.000000  194.000000  174.000000 
 188.333328  207.000000  232.000000  266.000000  307.000000  348.000000  384.000000  407.000000  415.000000  405.000000  380.000000  344.000000  302.000000  261.000000  227.000000  201.000000  181.000000 
 191.666672  213.000000  241.000000  280.000000  326.000000  373.000000  412.000000  438.000000  447.000000  437.000000  409.000000  368.000000  321.000000  275.000000  236.000000  207.000000  185.666672 
 194.666656  216.000000  247.000000  290.000000  339.000000  388.000000  432.000000  459.000000  467.000000  457.000000  428.000000  385.000000  334.000000  284.000000  242.000000  211.000000  188.333328 
 195.333344  218.000000  249.000000  293.000000  344.000000  395.000000  438.000000  466.000000  474.000000  464.000000  434.000000  391.000000  339.000000  288.000000  245.000000  213.000000  189.000000 
 195.666656  217.000000  248.000000  291.000000  340.000000  390.000000  432.000000  460.000000  469.000000  458.000000  428.000000  386.000000  335.000000  285.000000  243.000000  212.000000  189.333328 
 193.000000  213.000000  242.000000  281.000000  327.000000  374.000000  414.000000  440.000000  448.000000  438.000000  410.000000  370.000000  323.000000  276.000000  237.000000  209.000000  186.333328 
 189.666672  207.000000  233.000000  267.000000  307.000000  350.000000  386.000000  409.000000  417.000000  407.000000  382.000000  346.000000  304.000000  262.000000  228.000000  203.000000  181.666672 
 183.666672  201.000000  221.000000  249.000000  283.000000  319.000000  351.000000  371.000000  378.000000  369.000000  347.000000  316.000000  280.000000  246.000000  217.000000  196.000000  174.666672 
 174.666672  192.000000  210.000000  232.000000  258.000000  287.000000  313.000000  330.000000  335.000000  328.000000  309.000000  284.000000  256.000000  229.000000  206.000000  187.000000  164.333328 
 161.333328  184.000000  199.333344  216.000000  236.666656  257.666656  277.000000  290.000000  293.666656  289.333344  274.333344  254.666656  233.333344  213.000000  196.666656  177.666672  148.333328 
 } 
 GR Channel
 {
 210.333344  239.666656  260.333344  280.666656  303.666656  329.000000  350.666656  366.666656  371.000000  366.666656  349.666656  327.666656  302.666656  279.666656  258.000000  235.333344  198.000000 
 229.000000  253.000000  275.000000  302.000000  333.000000  365.000000  396.000000  416.000000  423.000000  416.000000  395.000000  365.000000  332.000000  301.000000  274.000000  250.000000  220.666656 
 241.666656  263.000000  290.000000  323.000000  363.000000  405.000000  442.000000  466.000000  475.000000  467.000000  442.000000  405.000000  363.000000  322.000000  288.000000  261.000000  235.666656 
 249.000000  273.000000  303.000000  344.000000  393.000000  442.000000  483.000000  511.000000  522.000000  512.000000  484.000000  442.000000  393.000000  344.000000  303.000000  271.000000  245.666656 
 252.000000  280.000000  315.000000  362.000000  417.000000  471.000000  518.000000  548.000000  560.000000  550.000000  518.000000  473.000000  417.000000  361.000000  314.000000  279.000000  251.000000 
 254.666656  284.000000  322.000000  373.000000  432.000000  490.000000  541.000000  573.000000  585.000000  574.000000  541.000000  492.000000  433.000000  373.000000  322.000000  284.000000  254.666656 
 257.000000  285.000000  324.000000  377.000000  438.000000  498.000000  548.000000  582.000000  592.000000  582.000000  549.000000  500.000000  440.000000  378.000000  325.000000  286.000000  256.666656 
 254.666656  284.000000  322.000000  373.000000  432.000000  491.000000  541.000000  574.000000  586.000000  574.000000  542.000000  494.000000  434.000000  374.000000  323.000000  285.000000  255.666656 
 252.333344  279.000000  314.000000  361.000000  416.000000  472.000000  519.000000  550.000000  561.000000  550.000000  520.000000  474.000000  419.000000  363.000000  315.000000  280.000000  252.000000 
 248.000000  272.000000  302.000000  343.000000  392.000000  442.000000  486.000000  514.000000  523.000000  514.000000  486.000000  445.000000  395.000000  345.000000  304.000000  273.000000  247.666656 
 240.333344  263.000000  288.000000  322.000000  363.000000  405.000000  443.000000  468.000000  478.000000  469.000000  444.000000  408.000000  366.000000  325.000000  291.000000  264.000000  238.666656 
 227.666656  253.000000  274.000000  301.000000  332.000000  366.000000  397.000000  418.000000  426.000000  419.000000  398.000000  369.000000  335.000000  303.000000  277.000000  253.000000  223.666656 
 210.333344  241.000000  260.666656  281.000000  304.000000  328.666656  353.000000  368.666656  374.000000  369.666656  354.000000  330.333344  307.000000  284.333344  262.333344  239.666656  203.666656 
 } 
 GB Channel
 {
 213.666656  243.000000  264.666656  286.000000  310.000000  335.666656  360.000000  375.666656  381.333344  375.000000  357.000000  333.000000  307.333344  282.000000  259.333344  235.666656  198.333344 
 229.666656  255.000000  278.000000  306.000000  338.000000  373.000000  404.000000  425.000000  432.000000  423.000000  401.000000  369.000000  334.000000  302.000000  274.000000  249.000000  219.666656 
 242.333344  265.000000  292.000000  326.000000  367.000000  411.000000  449.000000  474.000000  482.000000  473.000000  446.000000  407.000000  363.000000  322.000000  287.000000  260.000000  234.666656 
 249.000000  273.000000  304.000000  346.000000  396.000000  446.000000  489.000000  518.000000  528.000000  517.000000  486.000000  442.000000  391.000000  341.000000  300.000000  269.000000  242.333344 
 252.333344  279.000000  315.000000  362.000000  418.000000  474.000000  522.000000  553.000000  564.000000  552.000000  518.000000  470.000000  413.000000  357.000000  310.000000  275.000000  247.000000 
 253.666656  283.000000  321.000000  373.000000  433.000000  492.000000  543.000000  576.000000  586.000000  574.000000  539.000000  488.000000  428.000000  368.000000  317.000000  279.000000  251.000000 
 254.666656  284.000000  322.000000  375.000000  438.000000  498.000000  549.000000  582.000000  592.000000  580.000000  545.000000  494.000000  433.000000  371.000000  318.000000  281.000000  251.666656 
 254.333344  281.000000  319.000000  371.000000  431.000000  490.000000  540.000000  574.000000  585.000000  571.000000  537.000000  487.000000  427.000000  367.000000  316.000000  279.000000  249.666656 
 250.333344  277.000000  311.000000  359.000000  414.000000  470.000000  518.000000  550.000000  559.000000  547.000000  515.000000  468.000000  411.000000  355.000000  308.000000  274.000000  247.333344 
 246.333344  269.000000  299.000000  341.000000  390.000000  440.000000  484.000000  512.000000  521.000000  511.000000  481.000000  438.000000  388.000000  338.000000  297.000000  267.000000  241.666656 
 238.333344  261.000000  286.000000  319.000000  361.000000  404.000000  442.000000  467.000000  476.000000  466.000000  439.000000  403.000000  359.000000  318.000000  285.000000  259.000000  232.333344 
 226.000000  250.000000  272.000000  298.000000  330.000000  365.000000  396.000000  417.000000  424.000000  416.000000  394.000000  364.000000  329.000000  298.000000  271.000000  248.000000  218.666656 
 210.000000  239.333344  258.666656  279.333344  302.000000  327.666656  350.666656  367.666656  373.333344  366.666656  350.000000  325.333344  302.333344  278.000000  257.666656  234.666656  198.666656 
 } 
 B Channel
 {
 103.666672  118.333328  128.333328  138.666672  150.000000  162.000000  172.000000  179.666672  181.333328  178.333328  171.000000  160.666672  150.000000  139.000000  127.333328  116.666672  99.333328 
 111.666672  125.000000  135.000000  148.000000  162.000000  178.000000  192.000000  201.000000  204.000000  201.000000  191.000000  178.000000  162.000000  147.000000  134.000000  122.000000  108.666672 
 118.333328  129.000000  142.000000  157.000000  176.000000  196.000000  213.000000  223.000000  227.000000  224.000000  212.000000  195.000000  176.000000  157.000000  140.000000  127.000000  116.333328 
 121.000000  133.000000  147.000000  166.000000  189.000000  212.000000  231.000000  243.000000  248.000000  244.000000  231.000000  211.000000  188.000000  165.000000  146.000000  131.000000  120.333328 
 121.333328  136.000000  152.000000  174.000000  199.000000  224.000000  245.000000  259.000000  264.000000  260.000000  245.000000  224.000000  198.000000  172.000000  150.000000  134.000000  122.000000 
 122.333328  137.000000  155.000000  179.000000  206.000000  232.000000  254.000000  269.000000  274.000000  269.000000  255.000000  232.000000  205.000000  177.000000  153.000000  135.000000  123.000000 
 123.666672  137.000000  155.000000  180.000000  208.000000  235.000000  257.000000  272.000000  276.000000  272.000000  257.000000  234.000000  207.000000  178.000000  154.000000  136.000000  124.000000 
 122.666672  136.000000  154.000000  177.000000  205.000000  232.000000  254.000000  269.000000  273.000000  268.000000  253.000000  231.000000  204.000000  176.000000  152.000000  135.000000  123.000000 
 120.666672  134.000000  150.000000  172.000000  198.000000  223.000000  244.000000  258.000000  262.000000  257.000000  243.000000  222.000000  197.000000  171.000000  149.000000  133.000000  121.000000 
 119.000000  131.000000  145.000000  164.000000  187.000000  210.000000  229.000000  241.000000  245.000000  240.000000  228.000000  209.000000  186.000000  163.000000  144.000000  130.000000  119.333328 
 116.333328  127.000000  139.000000  154.000000  173.000000  193.000000  210.000000  221.000000  224.000000  220.000000  209.000000  192.000000  173.000000  154.000000  138.000000  126.000000  115.333328 
 110.000000  122.000000  132.000000  144.000000  159.000000  174.000000  188.000000  198.000000  201.000000  197.000000  188.000000  174.000000  159.000000  144.000000  132.000000  121.000000  107.666672 
 102.000000  118.000000  128.000000  137.333328  147.000000  159.333328  169.333328  176.666672  178.333328  177.000000  169.333328  158.000000  147.000000  136.000000  126.666672  115.666672  99.666672 
 } 

 White Balance Data with center 1/8 * 1/8 area
 r/gr 0.799970 
 b/gr 0.467060 
 r_ave 471.250427 
 b_ave 275.138489 
 gr_ave 589.085449 
 gb_ave 588.822937 